======================================================================
    Uptake      F_H      E_H       Peak mol    Peak µmol
----------------------------------------------------------------------
    0.0700   0.8187   0.1813      1.539e+13   2.5552e-05
    0.0711   0.8148   0.1852      1.539e+13   2.5560e-05
    0.0722   0.8109   0.1891      1.540e+13   2.5568e-05
    0.0733   0.8074   0.1926      1.540e+13   2.5575e-05
    0.0744   0.8031   0.1969      1.541e+13   2.5583e-05
    0.0756   0.7999   0.2001      1.541e+13   2.5590e-05
    0.0767   0.7956   0.2044      1.541e+13   2.5597e-05
    0.0778   0.7919   0.2081      1.542e+13   2.5604e-05
    0.0789   0.7881   0.2119      1.542e+13   2.5610e-05
    0.0800   0.7854   0.2146      1.543e+13   2.5616e-05
======================================================================

Best fit uptake for F_H = 0.80: 0.0756 → F_H = 0.7999