
======================================================================
    Uptake      F_H      E_H       Peak mol    Peak µmol
----------------------------------------------------------------------
    0.0500   0.9308   0.0692      8.845e+12   1.4688e-05
    0.0833   0.8975   0.1025      1.073e+13   1.7823e-05
    0.1167   0.8700   0.1300      1.179e+13   1.9580e-05
    0.1500   0.8461   0.1539      1.255e+13   2.0841e-05
    0.1833   0.8245   0.1755      1.298e+13   2.1557e-05
    0.2167   0.8049   0.1951      1.334e+13   2.2145e-05
    0.2500   0.7863   0.2137      1.361e+13   2.2602e-05
    0.2833   0.7689   0.2311      1.384e+13   2.2975e-05
    0.3167   0.7519   0.2481      1.401e+13   2.3265e-05
    0.3500   0.7356   0.2644      1.416e+13   2.3513e-05
======================================================================

Best fit uptake for F_H = 0.80: 0.2167 → F_H = 0.8049