======================================================================
    Uptake      F_H      E_H       Peak mol    Peak µmol
----------------------------------------------------------------------
    0.0500   0.7150   0.2850      3.355e+21   5.5718e+03
    0.0833   0.7426   0.2574      3.365e+21   5.5884e+03
    0.1167   0.7637   0.2363      3.377e+21   5.6077e+03
    0.1500   0.7805   0.2195      3.373e+21   5.6003e+03
    0.1833   0.7942   0.2058      3.375e+21   5.6046e+03
    0.2167   0.8055   0.1945      3.377e+21   5.6080e+03
    0.2500   0.8150   0.1850      3.408e+21   5.6594e+03
    0.2833   0.8228   0.1772      3.382e+21   5.6155e+03
    0.3167   0.8298   0.1702      3.382e+21   5.6168e+03
    0.3500   0.8357   0.1643      3.385e+21   5.6205e+03
======================================================================

Best fit uptake for F_H = 0.80: 0.2167 → F_H = 0.8055