======================================================================
    Uptake      F_H      E_H       Peak mol    Peak µmol
----------------------------------------------------------------------
    0.4500   0.8968   0.1032      1.555e+13   2.5814e-05
    0.4556   0.8702   0.1298      1.555e+13   2.5817e-05
    0.4611   0.8097   0.1903      1.555e+13   2.5821e-05
    0.4667   0.6103   0.3897      1.555e+13   2.5824e-05
    0.4722   0.0001   0.9999      1.555e+13   2.5826e-05
    0.4778   0.0000   1.0000      1.555e+13   2.5829e-05
    0.4833   0.0000   1.0000      1.556e+13   2.5831e-05
    0.4889   0.0000   1.0000      1.556e+13   2.5831e-05
    0.4944   0.0000   1.0000      1.556e+13   2.5832e-05
    0.5000   0.0000   1.0000      1.556e+13   2.5832e-05
======================================================================
