======================================================================
    Uptake      F_H      E_H       Peak mol    Peak µmol
----------------------------------------------------------------------
    0.0500   0.7151   0.2849      1.326e+13   2.2017e-05
    0.0833   0.7424   0.2576      1.328e+13   2.2058e-05
    0.1167   0.7637   0.2363      1.334e+13   2.2148e-05
    0.1500   0.7806   0.2194      1.331e+13   2.2104e-05
    0.1833   0.7942   0.2058      1.332e+13   2.2125e-05
    0.2167   0.8055   0.1945      1.333e+13   2.2134e-05
    0.2500   0.8149   0.1851      1.334e+13   2.2144e-05
    0.2833   0.8229   0.1771      1.334e+13   2.2156e-05
    0.3167   0.8299   0.1701      1.346e+13   2.2359e-05
    0.3500   0.8359   0.1641      1.343e+13   2.2295e-05
======================================================================

Best fit uptake for F_H = 0.80: 0.2167 → F_H = 0.8055